%YAML:1.0
image_width: 1280
image_height: 960
camera_matrix: !!opencv-matrix
   rows: 3
   cols: 3
   dt: d
   data: [ 1.2768837452470918e+03, 0., 6.9188483394841217e+02, 0.,
       1.2730873734614700e+03, 4.7514279413606988e+02, 0., 0., 1. ]
distortion_coefficients: !!opencv-matrix
   rows: 1
   cols: 5
   dt: d
   data: [ 4.1222082752287191e-02, 2.1477974423662832e-01,
       -2.2191624598762905e-03, 1.0719538819571916e-02,
       -1.2051555216373906e+00 ]
